(
seq1:0.01373,
seq2:0.10748,
seq3:0.04877);
